11 3.32802
11.034 3.34629
11.068 3.36465
11.102 3.38311
11.136 3.40168
11.17 3.42035
11.204 3.43912
11.238 3.45799
11.272 3.47697
11.306 3.49605
11.34 3.51524
11.374 3.53453
11.408 3.55392
11.442 3.57343
11.476 3.59304
11.51 3.61276
11.544 3.63258
11.578 3.65252
11.612 3.67256
11.646 3.69272
11.68 3.71298
11.714 3.73336
11.748 3.75385
11.782 3.77445
11.816 3.79516
11.85 3.81599
11.884 3.83693
11.918 3.85799
11.952 3.87916
11.986 3.90045
12.02 3.92185
12.054 3.94338
12.088 3.96502
12.122 3.98678
12.156 4.00866
12.19 4.03066
12.224 4.05277
12.258 4.07502
12.292 4.09738
12.326 4.11987
12.36 4.14247
12.394 4.16521
12.428 4.18807
12.462 4.21105
12.496 4.23416
12.53 4.2574
12.564 4.28076
12.598 4.30425
12.632 4.32787
12.666 4.35162
12.7 4.37551
12.734 4.39952
12.768 4.42366
12.802 4.44794
12.836 4.47235
12.87 4.49689
12.904 4.52157
12.938 4.54638
12.972 4.57133
13.006 4.59642
13.04 4.62165
13.074 4.64701
13.108 4.67251
13.142 4.69815
13.176 4.72394
13.21 4.74986
13.244 4.77593
13.278 4.80214
13.312 4.82849
13.346 4.85499
13.38 4.88163
13.414 4.90842
13.448 4.93536
13.482 4.96244
13.516 4.98968
13.55 5.01706
13.584 5.04459
13.618 5.07228
13.652 5.10011
13.686 5.1281
13.72 5.15625
13.754 5.18454
13.788 5.21299
13.822 5.2416
13.856 5.27037
13.89 5.29929
13.924 5.32837
13.958 5.35761
13.992 5.38702
14.026 5.41658
14.06 5.44631
14.094 5.47619
14.128 5.50625
14.162 5.53646
14.196 5.56685
14.23 5.5974
14.264 5.62812
14.298 5.659
14.332 5.69006
14.366 5.72128
14.4 5.75268
14.434 5.78425
14.468 5.816
14.502 5.84791
14.536 5.88001
14.57 5.91228
14.604 5.94472
14.638 5.97734
14.672 6.01015
14.706 6.04313
14.74 6.07629
14.774 6.10964
14.808 6.14317
14.842 6.17688
14.876 6.21078
14.91 6.24487
14.944 6.27914
14.978 6.3136
15.012 6.34824
15.046 6.38308
15.08 6.41811
15.114 6.45333
15.148 6.48875
15.182 6.52436
15.216 6.56016
15.25 6.59616
15.284 6.63236
15.318 6.66876
15.352 6.70536
15.386 6.74216
15.42 6.77916
15.454 6.81636
15.488 6.85377
15.522 6.89138
15.556 6.9292
15.59 6.96723
15.624 7.00546
15.658 7.04391
15.692 7.08256
15.726 7.12143
15.76 7.16051
15.794 7.19981
15.828 7.23932
15.862 7.27905
15.896 7.319
15.93 7.35916
15.964 7.39955
15.998 7.44016
16.032 7.48099
16.066 7.52204
16.1 7.56332
16.134 7.60483
16.168 7.64656
16.202 7.68853
16.236 7.73072
16.27 7.77315
16.304 7.8158
16.338 7.8587
16.372 7.90182
16.406 7.94519
16.44 7.98879
16.474 8.03263
16.508 8.07671
16.542 8.12104
16.576 8.1656
16.61 8.21042
16.644 8.25547
16.678 8.30078
16.712 8.34633
16.746 8.39214
16.78 8.43819
16.814 8.4845
16.848 8.53106
16.882 8.57788
16.916 8.62495
16.95 8.67229
16.984 8.71988
17.018 8.76773
17.052 8.81585
17.086 8.86423
17.12 8.91288
17.154 8.96179
17.188 9.01097
17.222 9.06042
17.256 9.11014
17.29 9.16014
17.324 9.21041
17.358 9.26095
17.392 9.31178
17.426 9.36288
17.46 9.41426
17.494 9.46593
17.528 9.51787
17.562 9.57011
17.596 9.62263
17.63 9.67543
17.664 9.72853
17.698 9.78192
17.732 9.8356
17.766 9.88958
17.8 9.94385
17.834 9.99842
17.868 10.0533
17.902 10.1085
17.936 10.1639
17.97 10.2197
18.004 10.2758
18.038 10.3322
18.072 10.3889
18.106 10.4459
18.14 10.5032
18.174 10.5609
18.208 10.6188
18.242 10.6771
18.276 10.7357
18.31 10.7946
18.344 10.8539
18.378 10.9134
18.412 10.9733
18.446 11.0335
18.48 11.0941
18.514 11.155
18.548 11.2162
18.582 11.2777
18.616 11.3396
18.65 11.4019
18.684 11.4644
18.718 11.5273
18.752 11.5906
18.786 11.6542
18.82 11.7182
18.854 11.7825
18.888 11.8471
18.922 11.9122
18.956 11.9775
18.99 12.0433
19.024 12.1094
19.058 12.1758
19.092 12.2426
19.126 12.3098
19.16 12.3774
19.194 12.4453
19.228 12.5136
19.262 12.5823
19.296 12.6513
19.33 12.7207
19.364 12.7906
19.398 12.8608
19.432 12.9313
19.466 13.0023
19.5 13.0736
19.534 13.1454
19.568 13.2175
19.602 13.2901
19.636 13.363
19.67 13.4363
19.704 13.5101
19.738 13.5842
19.772 13.6588
19.806 13.7337
19.84 13.8091
19.874 13.8849
19.908 13.9611
19.942 14.0377
19.976 14.1147
20.01 14.1922
20.044 14.2701
20.078 14.3484
20.112 14.4271
20.146 14.5063
20.18 14.5859
20.214 14.666
20.248 14.7464
20.282 14.8274
20.316 14.9087
20.35 14.9906
20.384 15.0728
20.418 15.1555
20.452 15.2387
20.486 15.3223
20.52 15.4064
20.554 15.491
20.588 15.576
20.622 15.6615
20.656 15.7474
20.69 15.8338
20.724 15.9207
20.758 16.0081
20.792 16.096
20.826 16.1843
20.86 16.2731
20.894 16.3624
20.928 16.4522
20.962 16.5425
20.996 16.6333
21.03 16.7246
21.064 16.8163
21.098 16.9086
21.132 17.0014
21.166 17.0947
21.2 17.1885
21.234 17.2829
21.268 17.3777
21.302 17.4731
21.336 17.569
21.37 17.6654
21.404 17.7623
21.438 17.8598
21.472 17.9578
21.506 18.0564
21.54 18.1555
21.574 18.2551
21.608 18.3553
21.642 18.456
21.676 18.5573
21.71 18.6591
21.744 18.7615
21.778 18.8645
21.812 18.968
21.846 19.0721
21.88 19.1768
21.914 19.282
21.948 19.3878
21.982 19.4942
22.016 19.6012
22.05 19.7088
22.084 19.817
22.118 19.9257
22.152 20.0351
22.186 20.145
22.22 20.2556
22.254 20.3667
22.288 20.4785
22.322 20.5909
22.356 20.7039
22.39 20.8175
22.424 20.9317
22.458 21.0466
22.492 21.1621
22.526 21.2782
22.56 21.395
22.594 21.5124
22.628 21.6305
22.662 21.7492
22.696 21.8686
22.73 21.9886
22.764 22.1092
22.798 22.2306
22.832 22.3526
22.866 22.4752
22.9 22.5986
22.934 22.7226
22.968 22.8473
23.002 22.9727
23.036 23.0988
23.07 23.2255
23.104 23.353
23.138 23.4811
23.172 23.61
23.206 23.7396
23.24 23.8698
23.274 24.0008
23.308 24.1326
23.342 24.265
23.376 24.3982
23.41 24.532
23.444 24.6667
23.478 24.802
23.512 24.9382
23.546 25.075
23.58 25.2126
23.614 25.351
23.648 25.4901
23.682 25.63
23.716 25.7706
23.75 25.9121
23.784 26.0543
23.818 26.1973
23.852 26.341
23.886 26.4856
23.92 26.6309
23.954 26.7771
23.988 26.924
24.022 27.0718
24.056 27.2204
24.09 27.3697
24.124 27.5199
24.158 27.671
24.192 27.8228
24.226 27.9755
24.26 28.129
24.294 28.2834
24.328 28.4386
24.362 28.5947
24.396 28.7516
24.43 28.9094
24.464 29.068
24.498 29.2276
24.532 29.388
24.566 29.5492
24.6 29.7114
24.634 29.8745
24.668 30.0384
24.702 30.2033
24.736 30.369
24.77 30.5357
24.804 30.7032
24.838 30.8717
24.872 31.0412
24.906 31.2115
24.94 31.3828
24.974 31.555
25.008 31.7282
25.042 31.9023
25.076 32.0774
25.11 32.2534
25.144 32.4304
25.178 32.6084
25.212 32.7874
25.246 32.9673
25.28 33.1482
25.314 33.3301
25.348 33.513
25.382 33.697
25.416 33.8819
25.45 34.0678
25.484 34.2548
25.518 34.4428
25.552 34.6318
25.586 34.8218
25.62 35.0129
25.654 35.2051
25.688 35.3983
25.722 35.5925
25.756 35.7879
25.79 35.9843
25.824 36.1818
25.858 36.3803
25.892 36.58
25.926 36.7807
25.96 36.9826
25.994 37.1855
26.028 37.3896
26.062 37.5948
26.096 37.8011
26.13 38.0085
26.164 38.2171
26.198 38.4269
26.232 38.6377
26.266 38.8498
26.3 39.063
26.334 39.2774
26.368 39.4929
26.402 39.7096
26.436 39.9276
26.47 40.1467
26.504 40.367
26.538 40.5885
26.572 40.8113
26.606 41.0352
26.64 41.2604
26.674 41.4869
26.708 41.7145
26.742 41.9435
26.776 42.1737
26.81 42.4051
26.844 42.6378
26.878 42.8718
26.912 43.1071
26.946 43.3436
26.98 43.5815
27.014 43.8207
27.048 44.0612
27.082 44.303
27.116 44.5461
27.15 44.7906
27.184 45.0364
27.218 45.2835
27.252 45.532
27.286 45.7819
27.32 46.0331
27.354 46.2858
27.388 46.5398
27.422 46.7952
27.456 47.052
27.49 47.3102
27.524 47.5698
27.558 47.8309
27.592 48.0934
27.626 48.3573
27.66 48.6227
27.694 48.8895
27.728 49.1578
27.762 49.4276
27.796 49.6989
27.83 49.9716
27.864 50.2458
27.898 50.5216
27.932 50.7988
27.966 51.0776
28 51.3579
28.034 51.6398
28.068 51.9232
28.102 52.2081
28.136 52.4946
28.17 52.7827
28.204 53.0724
28.238 53.3636
28.272 53.6565
28.306 53.951
28.34 54.247
28.374 54.5447
28.408 54.8441
28.442 55.145
28.476 55.4477
28.51 55.752
28.544 56.0579
28.578 56.3656
28.612 56.6749
28.646 56.9859
28.68 57.2987
28.714 57.6131
28.748 57.9293
28.782 58.2472
28.816 58.5668
28.85 58.8882
28.884 59.2114
28.918 59.5364
28.952 59.8631
28.986 60.1916
29.02 60.5219
29.054 60.8541
29.088 61.188
29.122 61.5238
29.156 61.8615
29.19 62.201
29.224 62.5423
29.258 62.8855
29.292 63.2306
29.326 63.5776
29.36 63.9265
29.394 64.2774
29.428 64.6301
29.462 64.9848
29.496 65.3414
29.53 65.7
29.564 66.0606
29.598 66.4231
29.632 66.7876
29.666 67.1541
29.7 67.5227
29.734 67.8932
29.768 68.2658
29.802 68.6405
29.836 69.0172
29.87 69.3959
29.904 69.7768
29.938 70.1597
29.972 70.5447
30.006 70.9318
30.04 71.3211
30.074 71.7125
30.108 72.1061
30.142 72.5018
30.176 72.8997
30.21 73.2997
30.244 73.702
30.278 74.1064
30.312 74.5131
30.346 74.9221
30.38 75.3332
30.414 75.7466
30.448 76.1623
30.482 76.5803
30.516 77.0006
30.55 77.4231
30.584 77.848
30.618 78.2752
30.652 78.7048
30.686 79.1367
30.72 79.571
30.754 80.0077
30.788 80.4468
30.822 80.8883
30.856 81.3322
30.89 81.7785
30.924 82.2273
30.958 82.6786
30.992 83.1323
31.026 83.5885
31.06 84.0472
31.094 84.5085
31.128 84.9722
31.162 85.4386
31.196 85.9074
31.23 86.3789
31.264 86.8529
31.298 87.3296
31.332 87.8088
31.366 88.2907
31.4 88.7752
31.434 89.2624
31.468 89.7523
31.502 90.2448
31.536 90.7401
31.57 91.2381
31.604 91.7388
31.638 92.2422
31.672 92.7484
31.706 93.2574
31.74 93.7692
31.774 94.2838
31.808 94.8012
31.842 95.3215
31.876 95.8446
31.91 96.3706
31.944 96.8994
31.978 97.4312
32.012 97.9659
32.046 98.5035
32.08 99.0441
32.114 99.5877
32.148 100.134
32.182 100.684
32.216 101.236
32.25 101.792
32.284 102.35
32.318 102.912
32.352 103.477
32.386 104.045
32.42 104.616
32.454 105.19
32.488 105.767
32.522 106.348
32.556 106.931
32.59 107.518
32.624 108.108
32.658 108.701
32.692 109.298
32.726 109.898
32.76 110.501
32.794 111.107
32.828 111.717
32.862 112.33
32.896 112.947
32.93 113.566
32.964 114.19
32.998 114.816
33.032 115.446
33.066 116.08
33.1 116.717
33.134 117.357
33.168 118.002
33.202 118.649
33.236 119.3
33.27 119.955
33.304 120.613
33.338 121.275
33.372 121.941
33.406 122.61
33.44 123.283
33.474 123.959
33.508 124.64
33.542 125.324
33.576 126.011
33.61 126.703
33.644 127.398
33.678 128.097
33.712 128.8
33.746 129.507
33.78 130.218
33.814 130.933
33.848 131.651
33.882 132.374
33.916 133.1
33.95 133.83
33.984 134.565
34.018 135.303
34.052 136.046
34.086 136.793
34.12 137.543
34.154 138.298
34.188 139.057
34.222 139.82
34.256 140.587
34.29 141.359
34.324 142.135
34.358 142.915
34.392 143.699
34.426 144.488
34.46 145.281
34.494 146.078
34.528 146.88
34.562 147.686
34.596 148.496
34.63 149.311
34.664 150.13
34.698 150.954
34.732 151.783
34.766 152.616
34.8 153.453
34.834 154.295
34.868 155.142
34.902 155.994
34.936 156.85
34.97 157.71
35.004 158.576
35.038 159.446
35.072 160.321
35.106 161.201
35.14 162.086
35.174 162.975
35.208 163.87
35.242 164.769
35.276 165.673
35.31 166.582
35.344 167.496
35.378 168.416
35.412 169.34
35.446 170.269
35.48 171.204
35.514 172.143
35.548 173.088
35.582 174.038
35.616 174.993
35.65 175.953
35.684 176.919
35.718 177.89
35.752 178.866
35.786 179.848
35.82 180.835
35.854 181.827
35.888 182.825
35.922 183.828
35.956 184.837
35.99 185.851
36.024 186.871
36.058 187.897
36.092 188.928
36.126 189.965
36.16 191.007
36.194 192.055
36.228 193.109
36.262 194.169
36.296 195.235
36.33 196.306
36.364 197.384
36.398 198.467
36.432 199.556
36.466 200.651
36.5 201.752
36.534 202.859
36.568 203.973
36.602 205.092
36.636 206.218
36.67 207.349
36.704 208.487
36.738 209.631
36.772 210.782
36.806 211.938
36.84 213.102
36.874 214.271
36.908 215.447
36.942 216.629
36.976 217.818
37.01 219.013
37.044 220.215
37.078 221.424
37.112 222.639
37.146 223.861
37.18 225.089
37.214 226.325
37.248 227.567
37.282 228.816
37.316 230.071
37.35 231.334
37.384 232.603
37.418 233.88
37.452 235.163
37.486 236.454
37.52 237.752
37.554 239.056
37.588 240.368
37.622 241.687
37.656 243.014
37.69 244.347
37.724 245.688
37.758 247.037
37.792 248.392
37.826 249.756
37.86 251.126
37.894 252.504
37.928 253.89
37.962 255.283
37.996 256.684
38.03 258.093
38.064 259.509
38.098 260.934
38.132 262.365
38.166 263.805
38.2 265.253
38.234 266.709
38.268 268.172
38.302 269.644
38.336 271.124
38.37 272.612
38.404 274.108
38.438 275.612
38.472 277.125
38.506 278.645
38.54 280.175
38.574 281.712
38.608 283.258
38.642 284.813
38.676 286.376
38.71 287.947
38.744 289.528
38.778 291.116
38.812 292.714
38.846 294.32
38.88 295.936
38.914 297.56
38.948 299.193
38.982 300.835
39.016 302.486
39.05 304.146
39.084 305.815
39.118 307.493
39.152 309.18
39.186 310.877
39.22 312.583
39.254 314.299
39.288 316.023
39.322 317.758
39.356 319.502
39.39 321.255
39.424 323.018
39.458 324.791
39.492 326.573
39.526 328.365
39.56 330.167
39.594 331.979
39.628 333.801
39.662 335.633
39.696 337.475
39.73 339.327
39.764 341.189
39.798 343.062
39.832 344.944
39.866 346.837
39.9 348.741
39.934 350.654
39.968 352.579
40.002 354.514
40.036 356.459
40.07 358.415
40.104 360.382
40.138 362.36
40.172 364.349
40.206 366.348
40.24 368.359
40.274 370.38
40.308 372.413
40.342 374.457
40.376 376.512
40.41 378.578
40.444 380.655
40.478 382.744
40.512 384.845
40.546 386.957
40.58 389.08
40.614 391.216
40.648 393.363
40.682 395.521
40.716 397.692
40.75 399.874
40.784 402.069
40.818 404.275
40.852 406.494
40.886 408.725
40.92 410.968
40.954 413.223
40.988 415.491
41.022 417.771
41.056 420.064
41.09 422.369
41.124 424.687
41.158 427.018
41.192 429.361
41.226 431.717
41.26 434.086
41.294 436.469
41.328 438.864
41.362 441.272
41.396 443.694
41.43 446.129
41.464 448.577
41.498 451.039
41.532 453.514
41.566 456.003
41.6 458.506
41.634 461.022
41.668 463.552
41.702 466.096
41.736 468.654
41.77 471.226
41.804 473.812
41.838 476.412
41.872 479.026
41.906 481.655
41.94 484.298
41.974 486.956
42.008 489.629
42.042 492.316
42.076 495.017
42.11 497.734
42.144 500.466
42.178 503.212
42.212 505.974
42.246 508.75
42.28 511.542
42.314 514.35
42.348 517.172
42.382 520.01
42.416 522.864
42.45 525.734
42.484 528.619
42.518 531.52
42.552 534.437
42.586 537.37
42.62 540.319
42.654 543.284
42.688 546.265
42.722 549.263
42.756 552.277
42.79 555.308
42.824 558.356
42.858 561.42
42.892 564.501
42.926 567.599
42.96 570.714
42.994 573.846
43.028 576.995
43.062 580.161
43.096 583.345
43.13 586.547
43.164 589.766
43.198 593.002
43.232 596.256
43.266 599.529
43.3 602.819
43.334 606.127
43.368 609.453
43.402 612.798
43.436 616.161
43.47 619.542
43.504 622.942
43.538 626.361
43.572 629.798
43.606 633.255
43.64 636.73
43.674 640.224
43.708 643.738
43.742 647.27
43.776 650.823
43.81 654.394
43.844 657.985
43.878 661.596
43.912 665.227
43.946 668.878
43.98 672.549
44.014 676.239
44.048 679.951
44.082 683.682
44.116 687.434
44.15 691.207
44.184 695
44.218 698.814
44.252 702.649
44.286 706.505
44.32 710.382
44.354 714.281
44.388 718.201
44.422 722.142
44.456 726.105
44.49 730.09
44.524 734.096
44.558 738.125
44.592 742.176
44.626 746.249
44.66 750.344
44.694 754.462
44.728 758.602
44.762 762.766
44.796 766.951
44.83 771.16
44.864 775.392
44.898 779.648
44.932 783.926
44.966 788.228
