-1 0.581737
-0.998 0.581737
-0.996 0.581737
-0.994 0.581737
-0.992 0.581737
-0.99 0.581737
-0.988 0.581737
-0.986 0.581737
-0.984 0.581737
-0.982 0.581737
-0.98 0.581737
-0.978 0.581737
-0.976 0.581737
-0.974 0.581737
-0.972 0.581737
-0.97 0.581737
-0.968 0.581737
-0.966 0.581737
-0.964 0.581737
-0.962 0.581737
-0.96 0.581737
-0.958 0.581737
-0.956 0.581737
-0.954 0.581737
-0.952 0.581737
-0.95 0.581737
-0.948 0.581737
-0.946 0.581737
-0.944 0.581737
-0.942 0.581737
-0.94 0.581737
-0.938 0.581737
-0.936 0.581737
-0.934 0.581737
-0.932 0.581737
-0.93 0.581737
-0.928 0.581737
-0.926 0.581737
-0.924 0.581737
-0.922 0.581737
-0.92 0.581737
-0.918 0.581737
-0.916 0.581737
-0.914 0.581737
-0.912 0.581737
-0.91 0.581737
-0.908 0.581737
-0.906 0.581737
-0.904 0.581737
-0.902 0.581737
-0.9 0.581737
-0.898 0.581737
-0.896 0.581737
-0.894 0.581737
-0.892 0.581737
-0.89 0.581737
-0.888 0.581737
-0.886 0.581737
-0.884 0.581737
-0.882 0.581737
-0.88 0.581737
-0.878 0.581737
-0.876 0.581737
-0.874 0.581737
-0.872 0.581737
-0.87 0.581737
-0.868 0.581737
-0.866 0.581737
-0.864 0.581737
-0.862 0.581737
-0.86 0.581737
-0.858 0.581737
-0.856 0.581737
-0.854 0.581737
-0.852 0.581737
-0.85 0.581737
-0.848 0.581737
-0.846 0.581737
-0.844 0.581737
-0.842 0.581737
-0.84 0.581737
-0.838 0.581737
-0.836 0.581737
-0.834 0.581737
-0.832 0.581737
-0.83 0.581737
-0.828 0.581737
-0.826 0.581737
-0.824 0.581737
-0.822 0.581737
-0.82 0.581737
-0.818 0.581737
-0.816 0.581737
-0.814 0.581737
-0.812 0.581737
-0.81 0.581737
-0.808 0.581737
-0.806 0.581737
-0.804 0.581737
-0.802 0.581737
-0.8 0.581737
-0.798 0.581737
-0.796 0.581737
-0.794 0.581737
-0.792 0.581737
-0.79 0.581737
-0.788 0.581737
-0.786 0.581737
-0.784 0.581737
-0.782 0.581737
-0.78 0.581737
-0.778 0.581737
-0.776 0.581737
-0.774 0.581737
-0.772 0.581737
-0.77 0.581737
-0.768 0.581737
-0.766 0.581737
-0.764 0.581737
-0.762 0.581737
-0.76 0.581737
-0.758 0.581737
-0.756 0.581737
-0.754 0.581737
-0.752 0.581737
-0.75 0.581737
-0.748 0.581737
-0.746 0.581737
-0.744 0.581737
-0.742 0.581737
-0.74 0.581737
-0.738 0.581737
-0.736 0.581737
-0.734 0.581737
-0.732 0.581737
-0.73 0.581737
-0.728 0.581737
-0.726 0.581737
-0.724 0.581737
-0.722 0.581737
-0.72 0.581737
-0.718 0.581737
-0.716 0.581737
-0.714 0.581737
-0.712 0.581737
-0.71 0.581737
-0.708 0.581737
-0.706 0.581737
-0.704 0.581737
-0.702 0.581737
-0.7 0.581737
-0.698 0.581737
-0.696 0.581737
-0.694 0.581737
-0.692 0.581737
-0.69 0.581737
-0.688 0.581737
-0.686 0.581737
-0.684 0.581737
-0.682 0.581737
-0.68 0.581737
-0.678 0.581737
-0.676 0.581737
-0.674 0.581737
-0.672 0.581737
-0.67 0.581737
-0.668 0.581737
-0.666 0.581737
-0.664 0.581737
-0.662 0.581737
-0.66 0.581737
-0.658 0.581737
-0.656 0.581737
-0.654 0.581737
-0.652 0.581737
-0.65 0.581737
-0.648 0.581737
-0.646 0.581737
-0.644 0.581737
-0.642 0.581737
-0.64 0.581737
-0.638 0.581737
-0.636 0.581737
-0.634 0.581737
-0.632 0.581737
-0.63 0.581737
-0.628 0.581737
-0.626 0.581737
-0.624 0.581737
-0.622 0.581737
-0.62 0.581737
-0.618 0.581737
-0.616 0.581737
-0.614 0.581737
-0.612 0.581737
-0.61 0.581737
-0.608 0.581737
-0.606 0.581737
-0.604 0.581737
-0.602 0.581737
-0.6 0.581737
-0.598 0.581737
-0.596 0.581737
-0.594 0.581737
-0.592 0.581737
-0.59 0.581737
-0.588 0.581737
-0.586 0.581737
-0.584 0.581737
-0.582 0.581737
-0.58 0.581737
-0.578 0.581737
-0.576 0.581737
-0.574 0.581737
-0.572 0.581737
-0.57 0.581737
-0.568 0.581737
-0.566 0.581737
-0.564 0.581737
-0.562 0.581737
-0.56 0.581737
-0.558 0.581737
-0.556 0.581737
-0.554 0.581737
-0.552 0.581737
-0.55 0.581737
-0.548 0.581737
-0.546 0.581737
-0.544 0.581737
-0.542 0.581737
-0.54 0.581737
-0.538 0.581737
-0.536 0.581737
-0.534 0.581737
-0.532 0.581737
-0.53 0.581737
-0.528 0.581737
-0.526 0.581737
-0.524 0.581737
-0.522 0.581737
-0.52 0.581737
-0.518 0.581737
-0.516 0.581737
-0.514 0.581737
-0.512 0.581737
-0.51 0.581737
-0.508 0.581737
-0.506 0.581737
-0.504 0.581737
-0.502 0.581737
-0.5 0.581737
-0.498 0.581737
-0.496 0.581737
-0.494 0.581737
-0.492 0.581737
-0.49 0.581737
-0.488 0.581737
-0.486 0.581737
-0.484 0.581737
-0.482 0.581737
-0.48 0.581737
-0.478 0.581737
-0.476 0.581737
-0.474 0.581737
-0.472 0.581737
-0.47 0.581737
-0.468 0.581737
-0.466 0.581737
-0.464 0.581737
-0.462 0.581737
-0.46 0.581737
-0.458 0.581737
-0.456 0.581737
-0.454 0.581737
-0.452 0.581737
-0.45 0.581737
-0.448 0.581737
-0.446 0.581737
-0.444 0.581737
-0.442 0.581737
-0.44 0.581737
-0.438 0.581737
-0.436 0.581737
-0.434 0.581737
-0.432 0.581737
-0.43 0.581737
-0.428 0.581737
-0.426 0.581737
-0.424 0.581737
-0.422 0.581737
-0.42 0.581737
-0.418 0.581737
-0.416 0.581737
-0.414 0.581737
-0.412 0.581737
-0.41 0.581737
-0.408 0.581737
-0.406 0.581737
-0.404 0.581737
-0.402 0.581737
-0.4 0.581737
-0.398 0.581737
-0.396 0.581737
-0.394 0.581737
-0.392 0.581737
-0.39 0.581737
-0.388 0.581737
-0.386 0.581737
-0.384 0.581737
-0.382 0.581737
-0.38 0.581737
-0.378 0.581737
-0.376 0.581737
-0.374 0.581737
-0.372 0.581737
-0.37 0.581737
-0.368 0.581737
-0.366 0.581737
-0.364 0.581737
-0.362 0.581737
-0.36 0.581737
-0.358 0.581737
-0.356 0.581737
-0.354 0.581737
-0.352 0.581737
-0.35 0.581737
-0.348 0.581737
-0.346 0.581737
-0.344 0.581737
-0.342 0.581737
-0.34 0.581737
-0.338 0.581737
-0.336 0.581737
-0.334 0.581737
-0.332 0.581737
-0.33 0.581737
-0.328 0.581737
-0.326 0.581737
-0.324 0.581737
-0.322 0.581737
-0.32 0.581737
-0.318 0.581737
-0.316 0.581737
-0.314 0.581737
-0.312 0.581737
-0.31 0.581737
-0.308 0.581737
-0.306 0.581737
-0.304 0.581737
-0.302 0.581737
-0.3 0.581737
-0.298 0.581737
-0.296 0.581737
-0.294 0.581737
-0.292 0.581737
-0.29 0.581737
-0.288 0.581737
-0.286 0.581737
-0.284 0.581737
-0.282 0.581737
-0.28 0.581737
-0.278 0.581737
-0.276 0.581737
-0.274 0.581737
-0.272 0.581737
-0.27 0.581737
-0.268 0.581737
-0.266 0.581737
-0.264 0.581737
-0.262 0.581737
-0.26 0.581737
-0.258 0.581737
-0.256 0.581737
-0.254 0.581737
-0.252 0.581737
-0.25 0.581737
-0.248 0.581737
-0.246 0.581737
-0.244 0.581737
-0.242 0.581737
-0.24 0.581737
-0.238 0.581737
-0.236 0.581737
-0.234 0.581737
-0.232 0.581737
-0.23 0.581737
-0.228 0.581737
-0.226 0.581737
-0.224 0.581737
-0.222 0.581737
-0.22 0.581737
-0.218 0.581737
-0.216 0.581737
-0.214 0.581737
-0.212 0.581737
-0.21 0.581737
-0.208 0.581737
-0.206 0.581737
-0.204 0.581737
-0.202 0.581737
-0.2 0.581737
-0.198 0.581737
-0.196 0.581737
-0.194 0.581737
-0.192 0.581737
-0.19 0.581737
-0.188 0.581737
-0.186 0.581737
-0.184 0.581737
-0.182 0.581737
-0.18 0.581737
-0.178 0.581737
-0.176 0.581737
-0.174 0.581737
-0.172 0.581737
-0.17 0.581737
-0.168 0.581737
-0.166 0.581737
-0.164 0.581737
-0.162 0.581737
-0.16 0.581737
-0.158 0.581737
-0.156 0.581737
-0.154 0.581737
-0.152 0.581737
-0.15 0.581737
-0.148 0.581737
-0.146 0.581737
-0.144 0.581737
-0.142 0.581737
-0.14 0.581737
-0.138 0.581737
-0.136 0.581737
-0.134 0.581737
-0.132 0.581737
-0.13 0.581737
-0.128 0.581737
-0.126 0.581737
-0.124 0.581737
-0.122 0.581737
-0.12 0.581737
-0.118 0.581737
-0.116 0.581737
-0.114 0.581737
-0.112 0.581737
-0.11 0.581737
-0.108 0.581737
-0.106 0.581737
-0.104 0.581737
-0.102 0.581737
-0.1 0.581737
-0.098 0.581737
-0.096 0.581737
-0.094 0.581737
-0.092 0.581737
-0.09 0.581737
-0.088 0.581737
-0.086 0.581737
-0.084 0.581737
-0.082 0.581737
-0.08 0.581737
-0.078 0.581737
-0.076 0.581737
-0.074 0.581737
-0.072 0.581737
-0.07 0.581737
-0.068 0.581737
-0.066 0.581737
-0.064 0.581737
-0.062 0.581737
-0.06 0.581737
-0.058 0.581737
-0.056 0.581737
-0.054 0.581737
-0.052 0.581737
-0.05 0.581737
-0.048 0.581737
-0.046 0.581737
-0.044 0.581737
-0.042 0.581737
-0.04 0.581737
-0.038 0.581737
-0.036 0.581737
-0.034 0.581737
-0.032 0.581737
-0.03 0.581737
-0.028 0.581737
-0.026 0.581737
-0.024 0.581737
-0.022 0.581737
-0.02 0.581737
-0.018 0.581737
-0.016 0.581737
-0.014 0.581737
-0.012 0.581737
-0.01 0.581737
-0.008 0.581737
-0.006 0.581737
-0.004 0.581737
-0.002 0.581737
0 0.581737
0.002 0.581737
0.004 0.581737
0.006 0.581737
0.008 0.581737
0.01 0.581737
0.012 0.581737
0.014 0.581737
0.016 0.581737
0.018 0.581737
0.02 0.581737
0.022 0.581737
0.024 0.581737
0.026 0.581737
0.028 0.581737
0.03 0.581737
0.032 0.581737
0.034 0.581737
0.036 0.581737
0.038 0.581737
0.04 0.581737
0.042 0.581737
0.044 0.581737
0.046 0.581737
0.048 0.581737
0.05 0.581737
0.052 0.581737
0.054 0.581737
0.056 0.581737
0.058 0.581737
0.06 0.581737
0.062 0.581737
0.064 0.581737
0.066 0.581737
0.068 0.581737
0.07 0.581737
0.072 0.581737
0.074 0.581737
0.076 0.581737
0.078 0.581737
0.08 0.581737
0.082 0.581737
0.084 0.581737
0.086 0.581737
0.088 0.581737
0.09 0.581737
0.092 0.581737
0.094 0.581737
0.096 0.581737
0.098 0.581737
0.1 0.581737
0.102 0.581737
0.104 0.581737
0.106 0.581737
0.108 0.581737
0.11 0.581737
0.112 0.581737
0.114 0.581737
0.116 0.581737
0.118 0.581737
0.12 0.581737
0.122 0.581737
0.124 0.581737
0.126 0.581737
0.128 0.581737
0.13 0.581737
0.132 0.581737
0.134 0.581737
0.136 0.581737
0.138 0.581737
0.14 0.581737
0.142 0.581737
0.144 0.581737
0.146 0.581737
0.148 0.581737
0.15 0.581737
0.152 0.581737
0.154 0.581737
0.156 0.581737
0.158 0.581737
0.16 0.581737
0.162 0.581737
0.164 0.581737
0.166 0.581737
0.168 0.581737
0.17 0.581737
0.172 0.581737
0.174 0.581737
0.176 0.581737
0.178 0.581737
0.18 0.581737
0.182 0.581737
0.184 0.581737
0.186 0.581737
0.188 0.581737
0.19 0.581737
0.192 0.581737
0.194 0.581737
0.196 0.581737
0.198 0.581737
0.2 0.581737
0.202 0.581737
0.204 0.581737
0.206 0.581737
0.208 0.581737
0.21 0.581737
0.212 0.581737
0.214 0.581737
0.216 0.581737
0.218 0.581737
0.22 0.581737
0.222 0.581737
0.224 0.581737
0.226 0.581737
0.228 0.581737
0.23 0.581737
0.232 0.581737
0.234 0.581737
0.236 0.581737
0.238 0.581737
0.24 0.581737
0.242 0.581737
0.244 0.581737
0.246 0.581737
0.248 0.581737
0.25 0.581737
0.252 0.581737
0.254 0.581737
0.256 0.581737
0.258 0.581737
0.26 0.581737
0.262 0.581737
0.264 0.581737
0.266 0.581737
0.268 0.581737
0.27 0.581737
0.272 0.581737
0.274 0.581737
0.276 0.581737
0.278 0.581737
0.28 0.581737
0.282 0.581737
0.284 0.581737
0.286 0.581737
0.288 0.581737
0.29 0.581737
0.292 0.581737
0.294 0.581737
0.296 0.581737
0.298 0.581737
0.3 0.581737
0.302 0.581737
0.304 0.581737
0.306 0.581737
0.308 0.581737
0.31 0.581737
0.312 0.581737
0.314 0.581737
0.316 0.581737
0.318 0.581737
0.32 0.581737
0.322 0.581737
0.324 0.581737
0.326 0.581737
0.328 0.581737
0.33 0.581737
0.332 0.581737
0.334 0.581737
0.336 0.581737
0.338 0.581737
0.34 0.581737
0.342 0.581737
0.344 0.581737
0.346 0.581737
0.348 0.581737
0.35 0.581737
0.352 0.581737
0.354 0.581737
0.356 0.581737
0.358 0.581737
0.36 0.581737
0.362 0.581737
0.364 0.581737
0.366 0.581737
0.368 0.581737
0.37 0.581737
0.372 0.581737
0.374 0.581737
0.376 0.581737
0.378 0.581737
0.38 0.581737
0.382 0.581737
0.384 0.581737
0.386 0.581737
0.388 0.581737
0.39 0.581737
0.392 0.581737
0.394 0.581737
0.396 0.581737
0.398 0.581737
0.4 0.581737
0.402 0.581737
0.404 0.581737
0.406 0.581737
0.408 0.581737
0.41 0.581737
0.412 0.581737
0.414 0.581737
0.416 0.581737
0.418 0.581737
0.42 0.581737
0.422 0.581737
0.424 0.581737
0.426 0.581737
0.428 0.581737
0.43 0.581737
0.432 0.581737
0.434 0.581737
0.436 0.581737
0.438 0.581737
0.44 0.581737
0.442 0.581737
0.444 0.581737
0.446 0.581737
0.448 0.581737
0.45 0.581737
0.452 0.581737
0.454 0.581737
0.456 0.581737
0.458 0.581737
0.46 0.581737
0.462 0.581737
0.464 0.581737
0.466 0.581737
0.468 0.581737
0.47 0.581737
0.472 0.581737
0.474 0.581737
0.476 0.581737
0.478 0.581737
0.48 0.581737
0.482 0.581737
0.484 0.581737
0.486 0.581737
0.488 0.581737
0.49 0.581737
0.492 0.581737
0.494 0.581737
0.496 0.581737
0.498 0.581737
0.5 0.581737
0.502 0.581737
0.504 0.581737
0.506 0.581737
0.508 0.581737
0.51 0.581737
0.512 0.581737
0.514 0.581737
0.516 0.581737
0.518 0.581737
0.52 0.581737
0.522 0.581737
0.524 0.581737
0.526 0.581737
0.528 0.581737
0.53 0.581737
0.532 0.581737
0.534 0.581737
0.536 0.581737
0.538 0.581737
0.54 0.581737
0.542 0.581737
0.544 0.581737
0.546 0.581737
0.548 0.581737
0.55 0.581737
0.552 0.581737
0.554 0.581737
0.556 0.581737
0.558 0.581737
0.56 0.581737
0.562 0.581737
0.564 0.581737
0.566 0.581737
0.568 0.581737
0.57 0.581737
0.572 0.581737
0.574 0.581737
0.576 0.581737
0.578 0.581737
0.58 0.581737
0.582 0.581737
0.584 0.581737
0.586 0.581737
0.588 0.581737
0.59 0.581737
0.592 0.581737
0.594 0.581737
0.596 0.581737
0.598 0.581737
0.6 0.581737
0.602 0.581737
0.604 0.581737
0.606 0.581737
0.608 0.581737
0.61 0.581737
0.612 0.581737
0.614 0.581737
0.616 0.581737
0.618 0.581737
0.62 0.581737
0.622 0.581737
0.624 0.581737
0.626 0.581737
0.628 0.581737
0.63 0.581737
0.632 0.581737
0.634 0.581737
0.636 0.581737
0.638 0.581737
0.64 0.581737
0.642 0.581737
0.644 0.581737
0.646 0.581737
0.648 0.581737
0.65 0.581737
0.652 0.581737
0.654 0.581737
0.656 0.581737
0.658 0.581737
0.66 0.581737
0.662 0.581737
0.664 0.581737
0.666 0.581737
0.668 0.581737
0.67 0.581737
0.672 0.581737
0.674 0.581737
0.676 0.581737
0.678 0.581737
0.68 0.581737
0.682 0.581737
0.684 0.581737
0.686 0.581737
0.688 0.581737
0.69 0.581737
0.692 0.581737
0.694 0.581737
0.696 0.581737
0.698 0.581737
0.7 0.581737
0.702 0.581737
0.704 0.581737
0.706 0.581737
0.708 0.581737
0.71 0.581737
0.712 0.581737
0.714 0.581737
0.716 0.581737
0.718 0.581737
0.72 0.581737
0.722 0.581737
0.724 0.581737
0.726 0.581737
0.728 0.581737
0.73 0.581737
0.732 0.581737
0.734 0.581737
0.736 0.581737
0.738 0.581737
0.74 0.581737
0.742 0.581737
0.744 0.581737
0.746 0.581737
0.748 0.581737
0.75 0.581737
0.752 0.581737
0.754 0.581737
0.756 0.581737
0.758 0.581737
0.76 0.581737
0.762 0.581737
0.764 0.581737
0.766 0.581737
0.768 0.581737
0.77 0.581737
0.772 0.581737
0.774 0.581737
0.776 0.581737
0.778 0.581737
0.78 0.581737
0.782 0.581737
0.784 0.581737
0.786 0.581737
0.788 0.581737
0.79 0.581737
0.792 0.581737
0.794 0.581737
0.796 0.581737
0.798 0.581737
0.8 0.581737
0.802 0.581737
0.804 0.581737
0.806 0.581737
0.808 0.581737
0.81 0.581737
0.812 0.581737
0.814 0.581737
0.816 0.581737
0.818 0.581737
0.82 0.581737
0.822 0.581737
0.824 0.581737
0.826 0.581737
0.828 0.581737
0.83 0.581737
0.832 0.581737
0.834 0.581737
0.836 0.581737
0.838 0.581737
0.84 0.581737
0.842 0.581737
0.844 0.581737
0.846 0.581737
0.848 0.581737
0.85 0.581737
0.852 0.581737
0.854 0.581737
0.856 0.581737
0.858 0.581737
0.86 0.581737
0.862 0.581737
0.864 0.581737
0.866 0.581737
0.868 0.581737
0.87 0.581737
0.872 0.581737
0.874 0.581737
0.876 0.581737
0.878 0.581737
0.88 0.581737
0.882 0.581737
0.884 0.581737
0.886 0.581737
0.888 0.581737
0.89 0.581737
0.892 0.581737
0.894 0.581737
0.896 0.581737
0.898 0.581737
0.9 0.581737
0.902 0.581737
0.904 0.581737
0.906 0.581737
0.908 0.581737
0.91 0.581737
0.912 0.581737
0.914 0.581737
0.916 0.581737
0.918 0.581737
0.92 0.581737
0.922 0.581737
0.924 0.581737
0.926 0.581737
0.928 0.581737
0.93 0.581737
0.932 0.581737
0.934 0.581737
0.936 0.581737
0.938 0.581737
0.94 0.581737
0.942 0.581737
0.944 0.581737
0.946 0.581737
0.948 0.581737
0.95 0.581737
0.952 0.581737
0.954 0.581737
0.956 0.581737
0.958 0.581737
0.96 0.581737
0.962 0.581737
0.964 0.581737
0.966 0.581737
0.968 0.581737
0.97 0.581737
0.972 0.581737
0.974 0.581737
0.976 0.581737
0.978 0.581737
0.98 0.581737
0.982 0.581737
0.984 0.581737
0.986 0.581737
0.988 0.581737
0.99 0.581737
0.992 0.581737
0.994 0.581737
0.996 0.581737
0.998 0.581737
